submit_time,duration,cpu,memory,job_id,task_id,instances_num,disk
0,154.00514897945595,0.8791983159229342,0.19980457074356356,1,1,205,0
0,224.71017387246113,0.6981910705573635,0.1961484554409183,1,2,119,0
0,48.77463090957863,0.2535490592332447,0.05351179888929367,1,3_1_2,264,0
0,117.86287794220539,0.6977348116885984,0.002639771650845435,1,4_3,262,0
0,674.1599676152372,0.40787399172311933,0.12746444511457278,1,5_1_4,161,0
0,621.7429814274697,0.8780979589752029,0.19986952162911703,2,1,347,0
0,293.55886207431985,0.5688155777517352,0.1419939254541169,2,2_1,487,0
0,157.8279535300262,0.9484457189326474,0.05195980456321662,2,3_1_2,454,0
0,30.622324719056518,0.6735809616138073,0.039724725510538995,2,4,59,0
0,23.23276631315097,0.7396564591997676,0.062487113016616906,3,1,297,0
0,27.488563979094234,0.692951008506026,0.09855505310833372,3,2,432,0
0,20.0347095622926,0.23229791341486622,0.11599447277051028,3,3,133,0
0,171.42754409215522,0.20299725433077126,0.1530261361281014,3,4_1_2_3,27,0
0,92.00753126604961,0.876084507519632,0.15939257180440464,4,1,49,0
0,171.40189281372454,0.7479732614013284,0.07889091602178584,4,2,15,0
0,286.1934811425848,0.7750747819348958,0.18851317003021978,4,3_2,6,0
0,231.74623570658167,0.8039584727449092,0.13483759408773408,4,4_1_2,25,0
0,143.19306204172065,0.7021362182436863,0.09829288354225067,4,5,46,0
0,18.720909630738205,0.3292189915229245,0.12482751672917486,5,1,36,0
0,231.7378595696242,0.5746679820019065,0.1460463100970593,5,2_1,26,0
0,42.8098459526428,0.5707408744450657,0.1284249495536065,5,3_2,46,0
0,728.3825299519818,0.6605291021303669,0.1017618531312052,5,4,39,0
0,175.50992605061998,0.5651448199390776,0.18736818997098995,5,5_1_2_3_4,7,0
0,211.40534773898617,0.29949990652978775,0.18045051923868505,6,1,70,0
0,167.04249341246884,0.8487142442470073,0.1931697989608457,6,2,10,0
0,293.47657855914315,0.7084779229418832,0.04216735829636469,6,3,9,0
0,86.2607215229554,0.39076584456991537,0.12794816228689454,6,4,44,0
0,119.24008893385216,0.517929051262707,0.10523316346095109,7,1,18,0
0,278.4395081465733,0.678135397263871,0.16392824322805746,7,2_1,27,0
0,167.92550283781532,0.5342441621245859,0.09538700704181408,7,3_1_2,48,0
0,208.8654391391563,0.2764911826887203,0.130595877616956,7,4_1_2_3,40,0
0,619.7567796467877,0.6668189915819445,0.11788146806674625,8,1,10,0
0,154.37332848249275,0.7725780745003135,0.1952492307564483,8,2,30,0
0,211.39115669551353,0.9982770204348148,0.09166820488713186,8,3_1_2,46,0
0,128.9532270464931,0.601189750386611,0.1645761128400575,8,4_2_3,43,0
0,210.38485612100274,0.3735249844876868,0.16252664569912467,9,1,23,0
0,282.33225481828896,0.3864527534271369,0.01798623664704268,9,2,25,0
0,554.5723110119644,0.6807955585642489,0.08018967373743667,9,3,33,0
0,194.08009237293726,0.9415342069306345,0.15560897964025538,10,1,13,0
0,374.0649489278833,0.90191890512785,0.11005322372492722,10,2,37,0
0,215.62356229097713,0.7463339572694963,0.02859381471950192,10,3,13,0
0,691.206472723982,0.9369935502453781,0.009332405054354778,10,4,46,0
0,113.20818528396342,0.27177140572933284,0.19793809967434187,11,1,31,0
0,435.3419712446524,0.9398302394226463,0.16825338460178957,11,2_1,38,0
0,220.9560304034201,0.709606095102904,0.19306923468663986,11,3_1,15,0
0,717.2156553110531,0.3079574912535911,0.19425246806125013,11,4_2_3,8,0
0,105.63437083685707,0.5027545785922987,0.18995347881924365,11,5_1_2_3_4,2,0
0,210.7357648699592,0.8345843260329076,0.08836982708378494,12,1,47,0
0,224.30684813270403,0.9043704997263904,0.030181616427963465,12,2,35,0
0,347.4469854329668,0.7354276805463209,0.0928315788834756,13,1,25,0
0,183.0126858235186,0.21036442266894131,0.19396680951217887,13,2,2,0
0,127.12917090932015,0.8205764704201775,0.14840371359370022,14,1,28,0
0,118.78251682109814,0.7111116160702766,0.1485247490906178,14,2,3,0
0,77.71411226923549,0.8313610873326904,0.1544875810225111,14,3_1,49,0
0,593.062028223077,0.7027946564874681,0.07481737956266328,14,4_2_3,49,0
0,224.93494198373025,0.31056679312029856,0.13087595450151496,15,1,7,0
0,263.7268053578607,0.7560201466852146,0.10416568615272442,15,2,32,0
0,65.33214144882251,0.3021507358958107,0.18710835671093398,15,3,15,0
0,36.05526244988104,0.8410912694014421,0.17021676136788788,15,4_1,11,0
0,245.1981249136553,0.27743274672584817,0.14680850002512802,15,5_1_3_4,24,0
30,268.99866027056,0.2542179543735181,0.1740114561892377,16,1,24,0
30,90.52070202359641,0.9854353701318403,0.003785936216062113,16,2,39,0
30,92.10751580767081,0.9623957079861987,0.1049108964182239,16,3,21,0
30,100.86597880360478,0.8596915875307365,0.058673477605088585,16,4,13,0
30,35.779413679426185,0.7916020402016386,0.035572871364397594,16,5_1_2_3_4,30,0
30,411.87346931622494,0.7468671719620616,0.06366038502821234,17,1,29,0
30,122.78785707723476,0.8590235100518557,0.12017610224452695,17,2_1,64,0
30,291.034319492657,0.21824871810858318,0.17725762196623523,18,1,78,0
30,549.6258911436144,0.8821038029199955,0.058236841661589704,18,2,49,0
30,3.8616704705021636,0.39753960242112946,0.0751910334768975,18,3_1_2,11,0
30,222.95373026335423,0.7695798732727375,0.15055088532567965,19,1,31,0
30,118.03857318091684,0.4882443525019852,0.12542193879616734,19,2,21,0
30,20.404969576482614,0.6388459800882735,0.13808558867278797,19,3_2,31,0
30,96.59323840185947,0.74640267160507,0.024178334150163155,20,1,16,0
30,124.58182612048009,0.27066398310753936,0.17827066524353663,20,2_1,41,0
30,189.15994390891692,0.7765532207073613,0.003702312178569012,20,3_2,41,0
30,647.9932433912909,0.26649326219486263,0.10700507405558439,20,4_1_2_3,41,0
30,180.86112475566014,0.34060136057768575,0.15759533696853525,21,1,57,0
30,591.6250004893031,0.7407450240628111,0.005294832574242809,21,2,26,0
30,84.28941831630108,0.5007207324557967,0.02816786021079424,21,3,73,0
30,515.2309618795229,0.4549839327334028,0.07905645043652858,22,1,23,0
30,30.17412633409681,0.3637960577139947,0.14450475654077885,22,2,42,0
30,279.2511883997987,0.29381591678143987,0.004539841446177694,22,3,31,0
30,451.954444615454,1.729483975108018,0.025291252206074435,22,4_1,24,0
30,452.8009894570074,0.5208192655163786,0.19816577682201753,23,1,24,0
30,399.1342689358933,0.5122087781838458,0.0916629354456815,23,2_1,43,0
30,202.7437280540575,0.9291058042865143,0.006929404259593769,23,3,37,0
30,219.4942288966072,0.9349110948761044,0.19486774214991756,24,1,27,0
30,292.95623474390806,0.9427151272572813,0.10431260375386306,24,2,28,0
30,237.92974658782373,0.9814131217223607,0.12236485178045779,24,3,13,0
30,71.1914891857665,0.6057223254931314,0.07733519863404621,24,4,1,0
30,677.2048655434758,0.4275601659767084,0.02526131975441928,25,1,17,0
30,723.4656931402399,0.6319675780662379,0.016533218169049995,25,2,37,0
30,174.79548968164093,0.4106117696418819,0.07302497265030719,25,3,35,0
30,224.9634543580303,0.6809438844953029,0.1539919569408191,25,4,175,0
30,193.05441855386246,0.46743673862690865,0.09262066249060882,26,1,39,0
30,43.865438253989694,0.6935738208101545,0.1807306258305256,26,2,179,0
30,96.62568888108251,0.693490556244286,0.013089994377246207,26,3_1,122,0
30,44.669345625065176,0.9026724326203601,0.19964055610576714,26,4,33,0
30,161.17203438542919,0.9416356946417741,0.19720047289403167,27,1,46,0
30,719.3313771653236,0.7888829641431665,0.1994534783139491,27,2_1,20,0
60,322.6853463277852,0.7765992427378738,0.09326175156494149,28,1,12,0
60,45.15234794907187,0.9345945762540349,0.16824172128663703,28,2_1,36,0
60,66.78577754884222,0.6305426725661709,0.11869886525447344,28,3_2,41,0
60,144.73720618291406,0.4399273790281936,0.04636050515028305,28,4_1_2_3,44,0
60,720.0091919368344,0.4167503843451485,0.10081387064533416,29,1,45,0
60,207.9499421640009,0.7312505822890485,0.1970498187811452,29,2_1,13,0
60,224.38275135141834,0.6988311459273804,0.02685775025971225,30,1,12,0
60,160.11501207665378,1.8085278726761211,0.18139243966230875,30,2_1,15,0
60,38.660520989780835,0.44764840561150826,0.1548412165848503,31,1,50,0
60,83.83828189464738,0.4543901949364322,0.05585821598731164,31,2,35,0
60,63.75550413862032,0.8496918907779285,0.0418731033810075,31,3_1_2,27,0
60,281.0301461570641,0.7726815791754824,0.12622650953529124,31,4_2,3,0
60,370.4075671870097,0.7236858904178753,0.004593941736888015,32,1,23,0
60,117.82585372657304,0.8562632443576386,0.1581625475119936,32,2_1,41,0
60,245.81195127462811,0.5671267084164274,0.14576394555615685,33,1,2,0
60,204.08964372744464,0.5334862798871571,0.08506508605021791,33,2,11,0
60,2.8695279584503806,0.9286781802406321,0.12156861711535505,34,1,48,0
60,565.5501602143829,0.33661675443206374,0.12756474903018752,34,2_1,4,0
60,749.6356318269534,0.7486358692819854,0.05097391315523084,34,3,32,0
60,17.92643590886455,0.37797825596166423,0.032144508153803014,35,1,10,0
60,74.27676324322879,0.671177951160959,0.17547970709290953,35,2,42,0
60,272.9865395925014,0.5625467196649994,0.06876753372062326,36,1,50,0
60,425.37310303034195,0.7795639585380001,0.05194487716400497,36,2_1,209,0
60,94.22517584590778,0.735990552203095,0.054978716612712294,36,3,209,0
60,29.216792442709266,0.2255812514739451,0.07234750017983448,37,1,241,0
60,225.27805999064608,0.31912767153946775,0.10803180793487033,37,2,432,0
60,290.7205521637014,0.5637307039987782,0.11172070762698029,37,3_1,362,0
60,169.9557215131142,0.34643712540161364,0.11196376137932793,37,4_3,366,0
60,89.08710276880763,0.8873154588972583,0.14963136716996372,37,5_3,12,0
60,40.123329034942905,0.64915530205551,0.129105861381461,38,1,27,0
60,464.84929789989786,0.7456036078592412,0.04508783450731688,38,2,347,0
60,95.06601654893029,0.2930741660425195,0.05750905158606573,39,1,53,0
60,47.669995931165445,0.21215356143048317,0.006833748859128905,39,2_1,2,0
60,187.96629464728693,1.649575461354323,0.14636870326404078,40,1,61,0
60,30.711787152439175,0.5191375872675905,0.12425391239903498,40,2,85,0
60,43.03159083086085,0.8294302562198765,0.046024576568043506,40,3,175,0
60,84.32320602034756,0.638185882484037,0.03311262783265747,40,4_2_3,43,0
60,207.21095168586035,0.27328769304181527,0.07466899402676032,40,5,28,0
90,165.50883516985087,0.7083717255710666,0.009756857124219268,41,1,21,0
90,18.659444145434488,0.8884121949902382,0.019577048619021375,41,2,49,0
90,180.4624960820449,0.7805564931318549,0.09482449271151884,41,3_2,70,0
90,82.13405280954011,0.5639171331824702,0.0778193688324365,42,1,32,0
90,193.75760460920534,0.7663552599212882,0.1445309657045472,42,2,43,0
90,98.91603170265404,0.8522238626375562,0.07966293912040799,42,3_2,115,0
90,266.63887560184867,0.4570864650944009,0.05807310476241713,42,4,44,0
90,390.55886444789746,0.34851252766062435,0.1638637952780787,43,1,35,0
90,282.64843435442424,0.328986631286657,0.0718211230314278,43,2,28,0
90,31.288628693928946,0.6046448384745919,0.19558849686620458,44,1,32,0
90,194.8531458320209,0.4137854502546378,0.167525933029037,44,2,246,0
90,76.96951247773708,0.4016052989878355,0.04756260429098909,44,3,42,0
90,153.9087795615322,0.307154654397267,0.1362044690821705,44,4_2,56,0
90,116.50778679356439,0.39931920240804974,0.08447391563679285,44,5_2_3,48,0
90,8.70841150346561,0.47882924183337744,0.13392391705337023,45,1,38,0
90,40.139295090203,0.7423106613903627,0.1536970451488744,45,2,214,0
90,432.70249761840125,0.3287076728421122,0.10841052469021968,45,3_1,144,0
90,31.525316354525707,0.9118608713128269,0.061431764663012936,46,1,28,0
90,66.08526377386607,0.8637247989127761,0.06495973298639077,46,2,17,0
90,94.7056113968671,0.46368496514853935,0.19641435825522244,46,3,16,0
90,123.60264680564272,0.34925357935582324,0.02343964485980616,47,1,37,0
90,285.4341441256228,0.3577501018904641,0.12175653480046014,47,2,49,0
90,116.79116394361161,0.8363610254825169,0.14732966185569182,47,3_1_2,22,0
90,160.17035904353418,0.8742334882886014,0.16542555183354163,47,4_1_2,28,0
90,293.93034394594616,0.8905255307078688,0.060659361189155214,47,5_2_3_4,88,0
90,314.262349856639,0.9889830620805034,0.005973437869904156,48,1,5,0
90,810.4407877754109,0.39116635722402937,0.028494558625670657,48,2_1,105,0
90,537.138577053854,0.46288381145276186,0.14431286789985184,49,1,251,0
90,263.5536961172273,0.3672217567375864,0.18871327942772081,49,2_1,201,0
90,68.96852467592491,1.1731686706706048,0.04008113342911018,49,3_1_2,5,0
90,108.5430797391782,0.2688977251516777,0.1847272660854799,49,4_1_2,498,0
90,224.65797882165907,0.8366929203126159,0.19790144628302242,49,5_1_2_3_4,36,0
90,370.94427193467413,0.8066625866125754,0.1934203161127729,50,1,363,0
90,51.6091803241506,0.7121603554258555,0.06855424448356565,50,2_1,425,0
90,59.091351577936656,0.869622187027504,0.07554502401324897,51,1,437,0
90,81.3729905388203,0.3111058137035903,0.06875579208466713,51,2_1,321,0
90,353.7111028913857,0.29248359258020473,0.031130558925937815,51,3_1_2,411,0
90,703.4419916629622,0.8745243416973771,0.14714870750041228,51,4_1_3,97,0
90,471.9374227233868,0.7210119064802545,0.05088196747819539,51,5_1_2_3_4,224,0
90,202.2535182160734,0.7918401477624866,0.18700743779363674,52,1,73,0
90,929.0328297575827,0.8551350892047862,0.16028668485271919,52,2_1,370,0
90,342.319912051983,0.6124852267653715,0.14297140592398924,52,3_1,446,0
90,21.39428262222656,0.9448424199955392,0.16611127627997455,52,4_1_2_3,374,0
120,299.79883011875603,0.5445208180521874,0.06720472167173919,53,1,217,0
120,297.0796069523155,0.48732724588915266,0.18436878265158718,53,2_1,483,0
120,254.17539586833112,0.6331695364493487,0.0934411058030728,54,1,480,0
120,366.5529941276114,0.5021211497053601,0.059337613411455076,54,2_1,393,0
120,159.75682428969273,0.754644189798199,0.12802269632344537,55,1,355,0
120,35.70327988042785,0.37905785965142996,0.16697276862239854,55,2,85,0
120,263.9375000164649,0.9641314862442101,0.04855573089769486,55,3,466,0
120,166.0627298291882,0.789861247466044,0.0806856073461872,55,4_1_2_3,217,0
120,392.446926827436,0.419085951679065,0.16243205966845237,55,5_1_4,421,0
120,103.03847615346702,0.9787274821488261,0.07208381331281859,56,1,374,0
120,5.311771069186886,0.9642765586366975,0.07173203144539454,56,2_1,193,0
120,127.35444641792195,0.9961217809947107,0.0726646591998746,56,3_2,186,0
120,186.80655418914205,0.22019933770681474,0.12567604935089152,57,1,128,0
120,143.00711489422443,0.7120766341998153,0.17674744999751793,57,2_1,443,0
120,175.65601642152922,0.3422339769817271,0.18689427223184563,58,1,145,0
120,188.73298700487467,0.9077892007991379,0.0947261384044196,58,2_1,67,0
120,59.22060242436431,0.20409939230965862,0.06751772090651476,58,3_1,204,0
120,286.3624931601273,0.26815605779090873,0.01745050483326183,58,4,459,0
120,101.00297331366983,0.8123530229555602,0.08269223225478359,58,5,322,0
120,126.07785235933613,0.49834094832903697,0.08634223916892071,59,1,24,0
120,272.8845958716045,0.47807274317708565,0.04067834044739941,59,2,152,0
120,76.50446842881979,0.9853665831599805,0.17792396646492636,59,3,340,0
120,372.67538825920064,0.9674520239063353,0.11484651097075091,59,4_3,473,0
120,163.85890847727694,1.2079581672453057,0.048526667999639415,60,1,172,0
120,8.187927902654522,0.31201244186664,0.15554554162661982,60,2_1,200,0
120,433.963848982484,0.2904711788244124,0.15165266019796872,60,3_1,349,0
120,271.980648873904,0.7249404891526823,0.10205582311879924,61,1,20,0
120,262.84488738415484,0.3460932462577716,0.06064076868597912,61,2_1,483,0
120,224.52173637703507,0.48693206499337016,0.04079101174746621,61,3_2,160,0
120,105.22910520128806,0.47343323775611446,0.056371906802424265,61,4_1_2_3,266,0
120,277.5705836901603,0.2152050686517466,0.0391275264537391,61,5_4,380,0
120,95.07264875562636,0.8220459331776524,0.018811595687095527,62,1,353,0
120,134.87623323548584,0.7822882000019837,0.11887454184346881,62,2,42,0
120,195.95631674003752,1.724520192082449,0.0402028925838541,62,3,55,0
120,635.1774113971367,0.7658084934922118,0.1122275801342351,62,4_2,162,0
120,50.06748429883702,0.8124942536384425,0.15952891594872118,63,1,205,0
120,36.56653890716924,0.9366466577369452,0.1749179496117818,63,2,348,0
120,141.56422248077993,0.6573984034353859,0.10079143899044386,64,1,65,0
120,239.22881305538638,0.919467824373245,0.1696800753611443,64,2,18,0
120,12.031384009306786,0.3345019682130709,0.026886256637332087,64,3,166,0
120,53.99868282062621,0.7291932449743699,0.10333484327662187,64,4_1_2_3,10,0
120,113.1825302480368,0.48692907907950317,0.017779586820747123,64,5_1_2_3_4,162,0
120,256.2893519377391,0.9560563963541675,0.11472912911505444,65,1,291,0
120,51.344004826972004,0.20576427684115928,0.16698239225830372,65,2,389,0
120,230.22487553498559,0.3635789335261362,0.004229996689307203,65,3_2,346,0
150,55.8530441041081,0.5535641746043121,0.18537735170488673,66,1,82,0
150,84.04046533721379,0.42364445904659,0.1991572910860672,66,2_1,119,0
150,219.01933031167314,0.7255261729445972,0.1405574721380098,67,1,259,0
150,113.98199745024517,0.28668547101721115,0.10718740924893719,67,2,494,0
150,257.4137310042021,0.8078879663137071,0.16283636440925733,67,3_1_2,8,0
150,225.3443060619497,0.7048130581382304,0.08820257853327942,68,1,109,0
150,660.3323680315851,0.5798207846459142,0.1652507367084997,68,2_1,400,0
150,81.88010807776297,0.2591725957727949,0.133715592665357,68,3,75,0
150,285.01777746462807,0.743314777660126,0.06711799049247388,69,1,144,0
150,295.4636633879247,0.8509688674242586,0.14512636383083588,69,2,92,0
150,517.9139232818916,0.32413614224556486,0.08707595017994677,69,3_1_2,409,0
150,26.26120210705585,0.2864425347082758,0.10578875106942978,70,1,129,0
150,268.1571713426022,0.7380563963916704,0.010210859569268706,70,2,350,0
150,249.89125165839727,0.7003598063815315,0.13123822272358757,71,1,311,0
150,280.33923383593134,0.26075033382046114,0.11221213370920757,71,2,409,0
150,520.124946232218,0.9575083996173084,0.12839197257279136,71,3,369,0
150,37.75536499162936,0.37512415431770035,0.05175588056051131,71,4,236,0
150,263.40363990996497,0.5122433023183768,0.17495968170463205,71,5_1,325,0
150,261.2762743372034,1.3448028244985077,0.04190127985275694,72,1,461,0
150,133.89636546101812,0.8510060802435033,0.04572950341255661,72,2_1,342,0
150,401.8871872253461,0.7135513153260109,0.0970587417120807,72,3_1,67,0
150,176.6950571955398,0.6153533618889211,0.05078078221497139,72,4_2_3,323,0
150,398.8343897821997,0.29370011269993584,0.0029750642369545,73,1,392,0
150,237.05838395843804,0.335040869657391,0.15964931443728342,73,2_1,10,0
150,103.19305302457195,0.5454154354515341,0.07396463590855479,73,3_2,90,0
150,423.898874230512,0.8820775359688673,0.07955021766067137,74,1,31,0
150,61.30688835387695,0.8424848817583694,0.04823778977450753,74,2_1,357,0
150,253.51545970711456,0.9080212079140659,0.04297628321078956,74,3_1_2,253,0
150,30.04998818872874,0.8612629944668708,0.05270375815496026,74,4_1,389,0
150,209.09707734838986,0.3843371005644833,0.03551797099458295,74,5_1_2_3_4,380,0
150,200.22658571687813,0.7108778535954852,0.0560373370388191,75,1,280,0
150,92.17901984075787,0.9893844200872213,0.10858904672530899,75,2,142,0
150,148.628302349349,0.36812722968349765,0.011539131693476977,75,3,268,0
150,599.9561957757819,0.9864610803721412,0.1377296576869064,75,4,198,0
180,145.17197613015895,0.8645295859724582,0.10590728793190228,76,1,238,0
180,190.5190399428617,0.5678340734617866,0.16077646302323584,76,2_1,311,0
180,100.36516124190693,0.598241168308391,0.0897845145680352,76,3,370,0
180,274.1846990440723,0.54040024602573,0.08075478697328553,76,4_1_3,125,0
180,16.358814253406287,0.26801399482138843,0.18767485371547662,76,5,336,0
180,83.80094038792045,0.8032072311813947,0.023463161904952602,77,1,62,0
180,307.7487021604841,0.6312251758745158,0.05320731225338714,77,2,64,0
180,246.18748564847596,0.7088289241366261,0.046573831384343636,77,3_2,260,0
180,23.701934149997882,0.7536088200231605,0.19611805408843608,77,4_1_3,175,0
180,284.05258377494204,0.7923789221036295,0.04908012304454492,78,1,76,0
180,140.51041508160958,0.4623685152303556,0.1806652500035633,78,2,105,0
180,185.78937764480781,0.6463784205819716,0.16792644670507645,78,3_1_2,188,0
180,13.677328466156071,0.6576483235010426,0.09709453339718463,79,1,362,0
180,288.9508159258379,0.5599659375814046,0.07580261323994178,79,2,479,0
180,194.58689465831864,0.5296831398459713,0.10117340668554219,79,3_1,58,0
180,240.99524885920292,0.34002416256271084,0.18950721742924562,80,1,11,0
180,253.61156476472217,0.38574323741010597,0.1883013196466838,80,2_1,65,0
180,149.15380672558135,0.5871215702398627,0.12575920246399863,80,3_1_2,11,0
180,50.471496055178285,0.49786653506974493,0.14051505087191632,81,1,49,0
180,131.2357824051677,0.23598954922521084,0.056614708336334765,81,2_1,29,0
180,580.7131124283985,0.9733115902393219,0.14953403572933222,81,3_1,22,0
180,150.97138217702462,1.9809809075010183,0.15287095220210772,82,1,24,0
180,547.1827891968843,0.7235052396029791,0.136086446541505,82,2,38,0
180,173.159724909115,0.3083768344137095,0.17442508777839238,82,3_1_2,2,0
180,457.7317696592488,0.9031966243997125,0.047105568621639164,83,1,71,0
180,177.52289027684876,0.2737552841509967,0.15674850108789187,83,2_1,59,0
180,516.2780262640354,0.7719281042533814,0.1724065812018612,83,3_1_2,42,0
180,235.29440693196642,0.985223209630069,0.06914655558245719,83,4_1_3,7,0
180,161.04310013601722,0.7654912035827472,0.1623771208549665,83,5,202,0
180,219.67873100843414,0.5769775755046305,0.15875857384035572,84,1,03,0
180,236.65680824475666,0.2849342530232415,0.1214014135651735,84,2,44,0
180,197.37673525523468,0.5919961404003097,0.01276150617201264,85,1,28,0
180,124.90434987474882,0.6291040787325308,0.15247132948532993,85,2,24,0
180,154.7371916042876,0.6168523759349656,0.061313054727439815,85,3_2,92,0
180,94.20349735381157,0.9228273958908704,0.026661228720617845,86,1,23,0
180,418.39097235886226,0.7271835968715303,0.12045819916194361,86,2,34,0
180,140.6068247740152,0.5776014126281581,0.13356639655196073,86,3,30,0
180,689.8010660402126,0.959206192792238,0.09641084781612162,86,4,44,0
180,273.7827166548573,1.3635437527590453,0.11902658038085456,86,5_2_3_4,4,0
180,237.3083621595141,0.5876060735378692,0.10898494315933853,87,1,32,0
180,630.876307852409,0.2231353207077266,0.1747265355960292,87,2_1,69,0
180,158.48172703248756,0.523754674214248,0.17969226920866074,87,3_2,32,0
180,238.5233780338665,0.9329518919482833,0.11738036795118119,87,4,42,0
180,93.60201847479274,1.6315773017214368,0.17924017660663613,87,5_2_3_4,21,0
180,262.63606426814533,0.24551159560914143,0.08406401004973525,88,1,49,0
180,11.286574237510907,0.3936485063094356,0.18175889194580108,88,2_1,44,0
180,201.9905261931598,0.565817810954641,0.17540313232109367,88,3_1,16,0
180,171.01606185816124,0.7472679344374258,0.16695958946743195,88,4,42,0
180,238.3444030224782,0.657182798382016,0.08992478196931428,89,1,32,0
180,232.63191946830864,0.5209059724781719,0.1463943697131117,89,2,41,0
180,28.227213125174305,0.37757227091216716,0.037324055862859515,89,3_1_2,44,0
180,280.42042754962563,0.48249414273894653,0.013199578109200801,89,4,43,0
180,136.02914606815443,0.47815060333723053,0.004015933675207466,90,1,30,0
180,22.654553011567568,0.9028362941811567,0.031066518014395222,90,2,20,0
180,24.21687931874388,0.6639149427352622,0.1756808206305436,90,3,87,0